+/- Integral 	 std 
-1.21716708381	1.27749947042
1.0039538228	1.1422238608
-0.0312924458791	1.19280437543
-2.25686274761	1.2291978957
-0.258487641611	1.20066035768
-0.272588730462	1.21315449656
0.28112008057	1.15228931199
-0.301508052963	1.16866886813
0.842030019168	1.15413920638
0.39408927633	1.17476063422
-1.81244823284	1.19923221246
-1.07226933305	1.25135583081
-1.02286307581	1.21503889053
0.38829895691	1.14053113129
1.08472256724	1.13306389512
1.27601442801	1.17661809025
-0.0365358567411	1.2088009392
1.90206102419	1.12908257455
-0.94441861033	1.16477444409
2.91852313535	1.01025931977
2.68884021839	1.02899485318
-0.147349595323	1.19686813484
0.583014825824	1.20114840202
1.80417553665	1.09315800699
2.41480056856	1.11806234273
0.0911277939667	1.15602003073
-0.0879659394122	1.19173330786
-0.60750991293	1.14746144947
0.974083506224	1.1898217527
1.88178229334	1.13722377572
1.64723989384	1.09642597472
-0.4305121339	1.23949358552
1.43366485422	1.14912953109
0.750779786188	1.19032717421
0.913779868788	1.15789733937
1.0415709867	1.16553632271
1.88739923924	1.07258261328
1.18231308951	1.10496633486
-0.728578417585	1.13810259933
-1.76276503713	1.25051001994
-1.41121239968	1.21098958751
2.06231100274	1.04451675313
-0.426205319349	1.23595139725
1.18831274659	1.13635274556
-0.754846697465	1.27501884847
-0.721295282957	1.19590582287
1.33553716257	1.15948857736
0.568616741626	1.15540097212
2.12487018341	1.09823816577
0.250221548249	1.14497098032
-2.36509120696	1.20224717127
-0.0713922314203	1.20560607082
-0.346068050661	1.2324819201
-0.480383117372	1.14095376414
-0.204719108912	1.16602103749
2.31584078544	1.02165700258
0.672144132544	1.18322853253
1.06424398356	1.14198120467
-0.724336119858	1.1672508758
-1.28852693468	1.2857027422
1.22501895015	1.0733802629
1.47730779117	1.17204173802
0.766304518938	1.16185530289
0.658058750115	1.16184847666
-1.83359706222	1.2451688772
-0.373464435195	1.25450896736
0.267660676133	1.1755282885
2.86743986278	1.08546589547
2.25634373368	1.1018036297
-2.37364305373	1.28878647439
-1.39484103174	1.28652940607
0.237476215798	1.27795502685
-1.37579396697	1.2103390033
1.17368967819	1.15122810712
1.39284909573	1.15910759328
-0.605938607845	1.26912790902
-0.180092141585	1.20079625448
1.97829745393	1.17940027702
2.45014320211	1.05842578518
0.0646425098453	1.22252662462
0.921114231082	1.18660219317
-0.855203236854	1.21946335851
-2.42103807961	1.31012211372
0.552728516241	1.16593689284
-1.61197011777	1.21179737331
-0.559486066845	1.25322871486
-0.471089279491	1.25233776373
0.475979401593	1.13251078668
-1.09117142382	1.20651744392
0.866964910383	1.13432955682
-0.436825447349	1.23188058666
0.197558734298	1.19731070003
-0.376908691713	1.18635418622
-0.220903335486	1.21108628172
-2.06307945816	1.23491903534
0.420834202057	1.14260043079
-0.117118821586	1.19915803147
0.343537761785	1.17137368907
0.142238523523	1.19856888959
0.639266658395	1.21537003482
-0.00017424056216	1.22252963713
0.94629192914	1.12611534455
1.25684892282	1.18288176085
-0.428785599041	1.15475048193
-0.644284839683	1.27266359469
-0.388828858405	1.18260767112
-1.28166258671	1.2166924526
0.599445590514	1.13115461594
0.658261828435	1.09226037176
3.8978585227	0.996060124815
0.239901639743	1.20262630403
0.906607408098	1.08370257361
-3.7003532157	1.31889193575
0.354526901093	1.2289476409
0.522157070336	1.11788777568
0.359842963471	1.15399949174
-0.386863072422	1.21252568704
0.186940756613	1.18938432268
1.25682483733	1.0985786734
0.0748756107122	1.20007912046
0.394984083066	1.14537069756
-3.01905417111	1.35218370211
0.0254390869291	1.20621707412
2.15108371809	1.07476368846
-0.179544181869	1.19800741576
2.50996131828	1.08609366604
-0.605950854127	1.171205654
-3.99589280166	1.33818514384
0.560026811618	1.14925437305
0.0751208198623	1.21375993767
-0.32137257127	1.20463493861
-1.85039414979	1.1796490304
0.330934198612	1.22965269589
0.371017570346	1.20058844982
1.09692177964	1.15202706948
-0.769339522778	1.25212439495
3.12782691586	1.09918394436
-0.276665839799	1.1545895114
-0.977866963597	1.23789880593
1.57749857118	1.13274641394
1.78266755076	1.1423742659
-0.848227941037	1.22078482371
1.12950529502	1.19128299086
-0.610860726501	1.22481101833
2.94080811461	1.06962846622
0.742901471127	1.16865694008
-3.0734280655	1.34618526279
0.11692581117	1.20709596199
0.0508538930915	1.18441026641
0.256078423912	1.17284272647
-0.575501148105	1.20997162491
0.0361060974984	1.15275736792
-1.00645558288	1.20149351533
0.308625351759	1.20031692498
0.0880976405925	1.20959262331
1.64770853982	1.14656467095
-0.0952370934294	1.18418878742
-1.44243956267	1.1907079805
-0.10811915795	1.18098743655
1.3623067303	1.14537257684
0.160588399096	1.20161436239
-1.71390725708	1.30354304142
-0.118678813234	1.09456312195
-0.471799417574	1.20524820386
1.3344876776	1.16274132052
0.649257124799	1.16010531846
0.364917627224	1.19992339143
0.963013378041	1.11916054364
-0.853873503745	1.15570056473
-0.452619516614	1.16803690087
-0.680601997019	1.20119433009
-0.328887372735	1.15729153754
-1.04311302576	1.24574070044
1.8624140273	1.12198824773
0.627524782714	1.13069748375
1.19711062879	1.21235513622
0.312987460431	1.16383722786
-1.20104800535	1.21280339661
-1.58460834052	1.26088350936
-1.1770868882	1.21602158598
-0.18653049007	1.22871536042
-1.21833408905	1.20430723947
1.38269641181	1.11136016543
-0.21217916313	1.18269773553
0.772167023977	1.13268629067
0.19982757243	1.14716272134
2.70489251316	1.11011724968
0.0738809384791	1.22091625697
-1.30858123225	1.2742056169
0.3976916924	1.11278057695
-1.59847482632	1.20526998212
0.36341194504	1.22272282404
0.043771002735	1.17553488396
-1.76843948078	1.25029180293
-0.399613796789	1.17767751567
-0.039908226211	1.17231513301
1.33562382641	1.17933709337
-1.55533838283	1.25102500361
-0.613982034389	1.1778398181
0.720065013944	1.16264827103
-0.0249115036921	1.20448120134
0.41091593269	1.18529009457
-0.360551075792	1.18825490066
-0.213160279415	1.26981470813
0.0211229133039	1.19578258826
0.86469630412	1.15878308937
-0.044164626761	1.17887726215
0.247012786802	1.17157141833
1.64222282782	1.05959093795
0.965325650471	1.18882491969
-0.860619682963	1.19677280302
-0.141321673927	1.15945580021
1.86606481431	1.15564302689
1.04999458475	1.17631846536
1.4184447677	1.18159453541
0.908112009436	1.19538114544
-1.98531632257	1.27999162424
-0.886442600784	1.15741699613
-0.467519018399	1.17135854652
0.0312574173535	1.18695419797
0.0502623084542	1.20771364533
-0.339730784215	1.16495387482
-1.75877283378	1.23712834263
0.443046092873	1.15171335684
0.588580063191	1.1379499927
-1.08904648969	1.28739544198
0.379512572018	1.09349577875
0.891698230864	1.17249460585
-0.467488387466	1.19615862587
-0.0330947894448	1.15588169926
0.342774959203	1.16510655119
-0.0946044507156	1.10875517882
0.97090860771	1.13601020947
-0.280616166291	1.29616535785
-0.152972439947	1.14508985289
0.327980599318	1.1854820504
1.97608050669	1.11551000407
0.455351609385	1.20183358957
0.0311332115822	1.23466065756
0.618954451114	1.18060960802
2.3349882644	1.11968964072
0.687814564751	1.1149496792
0.226725784549	1.17293871156
-0.548310426373	1.22257906533
1.25506823104	1.09982987201
-0.452812071824	1.18111339622
0.589235831055	1.16818431898
1.27669027664	1.1306638188
-0.619310368641	1.20611751407
-0.603751712879	1.18964591527
-0.120898367079	1.14539445102
-0.818074817506	1.23178434402
0.172754982941	1.1890641111
1.77770721271	1.09379549386
1.13662214316	1.14853787901
1.11331878372	1.16760528466
0.707791305292	1.1563490363
0.236921570622	1.17758875693
-0.388523091321	1.21694478435
-1.58408926146	1.27185368217
-1.10860983418	1.27277855027
-0.451602165436	1.29659135018
1.29759703545	1.11023013242
-0.408572201791	1.2092760994
-0.427653091495	1.1792099212
-0.194746046242	1.21835188259
0.558773386339	1.19792804494
-0.675943428844	1.21564449869
-0.305184078255	1.20227198944
0.413938711163	1.22115475805
-2.32334311131	1.27017319898
0.818610891661	1.19691983685
-1.21967734478	1.18400364678
0.120391168313	1.15650793016
0.185296905497	1.18981935279
0.8588060456	1.11838604265
1.81301796429	1.11602476609
0.715468103339	1.17071536833
0.106858751649	1.18948884751
-1.11752167071	1.24603798444
-0.309192553984	1.18385820841
0.448634111877	1.14423802316
1.69788980125	1.11028283293
-1.49722012618	1.23846579603
-1.18472273026	1.20252193599
-1.99444043338	1.26619612876
0.114084421318	1.18742817371
0.452497023046	1.22253044935
0.35523194329	1.25174567764
0.865951519397	1.07286996117
0.989693649267	1.19043438864
0.0648524448708	1.20366842797
-0.974217048862	1.20925650706
0.783329078624	1.12533457979
-2.70827757372	1.28376199441
0.841666327541	1.23633174641
-2.91561522092	1.25331105812
-1.18200758952	1.24325931333
0.981357307423	1.19494625634
0.919493346147	1.15587550403
0.265997363918	1.17081894475
0.136021929666	1.19436250842
-0.902434574116	1.29006138323
0.83896201381	1.09992752969
-1.49381771621	1.24946195924
-0.271358188731	1.25830432462
0.571378541945	1.23111827432
0.908349193407	1.19199006246
1.37208466556	1.18210963787
2.01655647098	1.14983933712
-1.09409626453	1.23333292359
2.49155390979	1.10015614258
-1.02540619921	1.20647497305
-2.02341333195	1.2095178921
-0.193517983102	1.21743006649
-0.352536316532	1.20288889215
1.22680505312	1.18477475021
-0.529955969606	1.18031363996
-0.731715472393	1.24168691113
-2.06232298387	1.32372889113
-0.703610881575	1.17339962919
-2.39185957177	1.24366054623
0.0522541924313	1.14643300608
-0.465819919469	1.19367043126
0.350017069807	1.11355364944
-1.02773078173	1.22907456847
2.16829414733	1.10065243802
-1.07637478052	1.22847085832
3.07138424249	1.08757882118
0.25057798746	1.17543978946
0.237714893506	1.23696644943
-0.868067357255	1.26135994618
-1.53339683973	1.2315768187
-1.61692858459	1.26354241507
-3.16805199989	1.3592597693
-0.821541418263	1.21936114701
-2.26196425079	1.32352161485
-3.56471230004	1.30334372409
-0.0846434853418	1.20677348526
-1.3528730721	1.22850749858
-1.27757355589	1.2463932745
1.05863469111	1.15869185747
0.149209255388	1.15234231017
-0.165562559874	1.24337945223
-0.347030781344	1.17787516153
-1.62581658415	1.19822049173
1.22911246937	1.14323708652
-3.04048731134	1.38602179009
1.47679096045	1.20164607253
1.03341323989	1.19186310222
-1.24054997384	1.19349150175
-2.88582044055	1.3596671549
0.0805127526655	1.21561274017
1.83604990269	1.12495974432
0.433804874543	1.10374965122
-1.50078153253	1.25445720246
0.771164921567	1.16888042562
0.716183597112	1.22886796851
0.916106666124	1.14840248079
0.355621778223	1.16246536941
-0.0848143629727	1.23068773224
1.62207200905	1.23828904126
1.43509125047	1.10893602109
-1.15944527005	1.23889133114
-1.2189013493	1.23482011915
0.466892754702	1.16631282994
-0.718344857553	1.15224020861
-0.602523760393	1.25298884899
-1.18068333873	1.24739122963
-1.39923176548	1.22868891896
-2.82654022665	1.29610288074
0.288785539124	1.18603544494
0.625284619288	1.1067755033
-0.755088772509	1.192398548
0.0611434535272	1.26590869471
-2.75295157122	1.26555435597
-0.761970798267	1.17207058569
-0.568763561309	1.19995439358
0.252253197338	1.15300293551
0.00296091195344	1.16403496238
0.334216548295	1.21848167924
-1.05828349312	1.29229219442
0.764862285712	1.1174826472
-0.856939616953	1.19733275168
2.06694161441	1.18002136223
2.64855655204	1.03274778799
1.65773021579	1.11734240409
-1.20857290575	1.17003980234
-1.10148054467	1.25862953507
0.0803841222589	1.21688582897
-0.320251838021	1.15037939363
-0.0215797552257	1.20911334463
0.537747174124	1.16471358179
-1.34044128573	1.25953158904
-2.71884422971	1.36619719239
1.2526721199	1.07842579725
0.0833514491118	1.18095842349
-1.3723386128	1.27787156729
-0.445776705694	1.17298330152
-2.02314800365	1.31460779759
0.10719868316	1.18663888738
0.070646333584	1.14316297275
0.791113092107	1.23601672715
-0.279338009331	1.19754541865
1.56652989071	1.23643430704
-1.01130501546	1.1998434136
0.695273197479	1.21865894719
-0.0275278236752	1.21242021914
2.78941048809	1.03924082629
-2.3338081857	1.40785488377
1.78288181379	1.22357982818
-0.303449173483	1.18866070638
-0.979821619268	1.28100655743
1.27087033293	1.15744771563
-1.40505662111	1.21815064364
1.06250984004	1.07648245763
1.43978451988	1.16811063867
1.45752304839	1.09103293833
-1.57940279897	1.28355064442
2.57357225427	1.08388112822
0.669064089671	1.13931701136
1.82538837822	1.1428233568
-0.159935921825	1.23468742978
-1.90287511599	1.2634307374
0.0124327185094	1.17981739635
-1.65040891189	1.25623662434
0.640585513638	1.15015912108
-2.63204759669	1.32959786645
0.37681785115	1.16808276138
1.956186874	1.08223531731
0.236074790689	1.17209131242
0.452658403991	1.16957331569
-1.24175896379	1.16335525958
1.51798840922	1.11988315128
1.52439604172	1.21006165899
0.236491835009	1.20426129088
-0.671930031371	1.26334583968
0.531966914216	1.22085408099
0.191328485613	1.28975337649
1.68900372095	1.19402741336
-0.370434304333	1.16165339052
0.37115691973	1.20821437242
0.450021019354	1.14723736947
0.213565346849	1.19853385757
0.304969752444	1.22933659318
0.289334455459	1.1544175979
0.284669006256	1.171032887
-0.314419765229	1.23203298827
1.07987010251	1.16831449875
-0.1949776979	1.2048740341
0.937281591595	1.11977935956
0.802841827995	1.09933872067
0.364815544965	1.19527913697
-0.0551910700891	1.24687795135
-2.56838720777	1.30566239622
-1.00731835204	1.28846369754
1.7540489536	1.09491374988
3.52626826835	1.02071165978
-0.314438272848	1.22706089307
-1.3757312075	1.24490867742
1.42965515256	1.18320070073
-2.12314547624	1.28906101484
-2.04909999157	1.29256541127
-0.844528883303	1.24961622475
1.62328575065	1.13829145865
-1.93078312189	1.18762151968
-1.98845554724	1.28165915522
0.637819588607	1.22360816554
0.490544840853	1.15226001139
-0.624081328313	1.21736613852
1.31643194805	1.15158276151
0.186245125678	1.21558321263
1.53131998402	1.13445036773
0.387245287084	1.18911410716
-0.778424295174	1.22072162902
-1.94578672811	1.23872818804
-1.35500462304	1.26995596488
1.74448036661	1.09809119191
0.985093052304	1.19048824701
0.0591795477359	1.23646048886
0.736993495158	1.13233814072
-2.10067433186	1.31102141394
-0.424014963623	1.27035117003
-1.03242297122	1.24407834804
0.1322459061	1.1574833202
0.141396787521	1.17862971877
-0.399479671636	1.20014310934
0.458227987323	1.2262620144
0.0208151184853	1.19947423868
3.83874331576	0.983352144361
0.101464227642	1.18861717473
-0.674685942569	1.24401948134
0.23290806035	1.20814743913
0.100611403148	1.17978916774
-2.0025712743	1.24420208033
1.96832326978	1.1243388258
0.695191484631	1.16240982349
-0.0672228639976	1.18376540853
-0.245233884129	1.11427248516
-0.484664130168	1.25425826877
0.403504750348	1.15151296738
0.395759386334	1.18452439098
-1.02118428154	1.2692419928
-1.41395832624	1.37025253784
0.580741221472	1.20946803136
2.51663211241	1.10144331071
0.196187629148	1.20942271227
0.665133614332	1.16888960739
-1.23631117443	1.27951878355
0.34026925565	1.17078356654
1.13287816646	1.20684269322
0.0911250594213	1.19078007061
1.63882319766	1.09169056329
-0.534976416282	1.24126165241
1.00833150677	1.11848620177
0.786559305145	1.12582820527
1.53338061988	1.08804089904
0.238112372908	1.21836684431
-0.320765244133	1.19535264176
1.74480124824	1.09512661538
-0.772065687277	1.20796813968
1.07618653247	1.12556675081
0.905134599756	1.19036251984
0.425749482891	1.14280528646
0.0948674662953	1.11985931047
-1.83067417533	1.31149060166
0.958732122044	1.14675492861
-0.95380381934	1.15690321079
0.230023856857	1.18994943658
0.724098999324	1.1707826454
-0.570010004437	1.19991690641
0.31400943569	1.16205024812
0.0184532033505	1.23790539236
1.19211521126	1.15140718317
0.748748222383	1.17096875628
-0.470397924986	1.24621718787
-0.00750420696249	1.17503148921
-0.568191110697	1.2186521178
1.76340416347	1.13556713119
0.526772663137	1.18987121955
-1.41927136349	1.31383162758
1.45113820866	1.16531575761
0.0954856581956	1.26611053748
-0.767578667537	1.17624530991
-0.723466749299	1.25190456455
-0.444480669891	1.22035646573
-0.834179632436	1.1763154221
1.60172445429	1.09365057743
-0.139271378387	1.21572507952
-0.976844585372	1.19307697567
2.17278541475	1.12241534505
-2.57270383135	1.25983085311
0.999568102774	1.14457051144
-0.0916087938324	1.19345736997
0.719793645729	1.07628104411
1.9485866668	1.11393337254
-0.0495067623303	1.20889717355
1.85605048593	1.13525574164
-0.901849058056	1.23428463594
0.985692878192	1.12733447542
0.26906740441	1.19564747708
0.672975346835	1.19482408773
1.79879389305	1.0927359669
1.81624770028	1.18630465177
-0.612954876261	1.18588151037
1.38116014584	1.1437623828
1.24798675248	1.12850433165
-0.78839007947	1.1898758816
-1.30254025761	1.24657295359
0.378559098826	1.15196872823
1.77588798262	1.16775266531
0.394078506846	1.18084069232
0.510848804087	1.15267189448
0.0155714583957	1.23165060214
0.645995019706	1.18309649166
-0.769345314183	1.19810979903
-1.22138119254	1.30380610296
-0.0297378084596	1.17363957958
0.523644950182	1.12117695482
0.810827522018	1.12632139201
-0.335960875425	1.20029360178
-1.91379063935	1.23238519525
0.632579158522	1.13917762181
-0.212866131841	1.1792598855
-2.02484718418	1.26353223531
0.276319096322	1.18935715993
-1.89813031311	1.3065259895
0.889223212835	1.11184420107
-1.40106314616	1.26597835204
-0.293107796091	1.14009742346
-0.0382758439042	1.18146805771
-0.681361060705	1.19902709715
1.00556970897	1.18976864711
-0.934187557467	1.25830169139
1.04227925163	1.12108772131
-0.365066097453	1.16437219669
0.438078828245	1.11520833568
-1.86917775095	1.29823140669
-3.2244794018	1.33662516228
-0.111694779981	1.24065558163
0.788912586128	1.19912305523
0.5374536118	1.13913337629
0.643427277472	1.11694706579
1.08384339762	1.17879297366
-0.148260918768	1.18339217611
-0.99518554416	1.21312320075
-1.76073391691	1.24032780303
1.91635907212	1.09857797222
1.33802701738	1.14345875848
-0.019837298423	1.20141786844
-1.06316420294	1.23227333501
-0.0584296646002	1.21062966344
-0.945765401416	1.20275170206
-1.27369282468	1.26539818966
2.13485829574	1.11119313117
-1.354721941	1.21038589176
-0.273322624452	1.25575881255
-0.452114339786	1.17404459004
0.290509912977	1.21252489067
-0.944183290336	1.21825188674
-2.65186900622	1.31060808217
0.735015754233	1.19592915301
1.76168219399	1.11668297282
-1.40331452191	1.25220762675
0.654915388452	1.1838669398
0.430276127601	1.14514361638
0.000268164478143	1.24011003711
0.327171279583	1.19614239964
-1.09961640632	1.29820930978
-0.336860297514	1.29845837754
-0.1312974256	1.24362186445
-0.120966744275	1.26830410457
0.107226752811	1.19789328207
0.0856402455421	1.20029335066
-0.819691346089	1.23754565051
0.83582460943	1.12034841429
-1.56481291936	1.24000822483
-1.12301588606	1.27844052884
0.125505518138	1.19017529765
-0.728362120604	1.18290249433
-0.0166520022894	1.19674248665
0.340063762644	1.1988259472
1.08559713121	1.20764833667
-0.921129263997	1.17990182287
0.338257624908	1.14064399565
-2.34678989179	1.30726581942
-0.0193939639378	1.19040882986
-0.346592064417	1.15451944202
-0.564782244188	1.28390707048
0.866614072228	1.10446411585
-0.716733082252	1.2488464928
-0.258832942689	1.19831458869
-0.816907278623	1.24189854364
-1.32800977527	1.18115356795
-0.861105104154	1.23964875352
-2.0978159827	1.29271218235
0.491799106268	1.16567106973
1.47375112151	1.1170642272
-1.41173412469	1.23748026354
-0.343602702335	1.15979752077
0.78400984114	1.18301791382
0.0204358164362	1.22596484441
0.528176715146	1.15110397826
-0.964191370269	1.21200446241
0.633757113882	1.12649771736
-1.02651547367	1.18599660486
-2.62895853459	1.26268663449
0.398037792248	1.18086841176
-0.134293920373	1.213067595
1.34069294828	1.11289229181
0.421142528985	1.17190838825
0.0397844811674	1.17451301522
-1.11404987859	1.20037562605
0.71549798041	1.22503665634
-0.481674301222	1.23176133359
0.771945451337	1.13544203537
-0.548521940884	1.2018620508
-1.88331146103	1.2719523773
0.0287754063269	1.24230325886
-1.97238749275	1.3099154719
-0.643276184805	1.27583817354
-0.218514034006	1.23520968573
0.171657805954	1.13564947177
0.776980964199	1.19585172142
0.256456119033	1.17873317245
-0.254626751234	1.21090376619
0.73896888557	1.20208469429
1.35461866495	1.12325949849
-0.0403581308633	1.22157264834
-1.74879500737	1.28140460623
1.8790080031	1.12829235048
-2.48025768577	1.25419114307
-0.388036673519	1.18421970564
0.210080461629	1.13708654564
-0.343578538017	1.19067590705
0.330557073614	1.16637948555
1.54953655136	1.13548697986
-0.515865451007	1.14207400281
-0.375862101594	1.14664109171
-1.55628922149	1.21859066034
-0.361991505091	1.2304418863
-1.19067720307	1.19964344409
-1.2502272182	1.20829353015
0.155593604385	1.1838669188
-1.72096467431	1.25281181428
-0.177366168167	1.15502279791
0.455396314078	1.13133253323
-0.94312607942	1.2099747811
1.14388815945	1.18259155424
0.0860489325451	1.17829106422
0.666273131502	1.17808150959
0.81661982931	1.12709749254
-1.81023794011	1.27969797202
1.33505062143	1.17061634172
-0.0198188174272	1.17409577314
1.47519360447	1.16853494738
1.39170875666	1.03889725219
-0.427958057554	1.23264709081
-0.533117593422	1.23910487846
1.8705499055	1.10763330592
-0.27124212616	1.26819327693
0.489863278981	1.18363065076
-0.0912138931587	1.21404500816
-0.572472231223	1.19825251037
1.83610631066	1.07880198085
0.538068486122	1.08272034467
-1.16809524793	1.28782642609
-0.186809093428	1.23035413611
-1.40897184813	1.28316798859
-1.2938188278	1.2659262886
0.342345204497	1.19951588206
-0.943449738598	1.2177866504
-0.139467840369	1.14905102115
-2.04883053065	1.23159579657
0.0262765641746	1.23447613565
-1.45067348739	1.23346068548
0.593872601964	1.19665159352
1.16816057776	1.15328774424
0.892485426533	1.19733500979
2.39889007599	1.15384811398
-0.140008799033	1.12824074435
-0.0912552369483	1.21344423698
-0.569439365966	1.13571322876
0.751504637532	1.11384135936
-0.513843431583	1.16226067035
0.198785240681	1.20639319347
0.338127996567	1.20143559529
-1.38784777148	1.1930227394
1.57682617577	1.13629906283
-1.36502165848	1.27397850309
0.254221547857	1.15345816668
-1.09898889946	1.20512026981
0.234124944865	1.17856359408
-1.47466584256	1.25617558653
1.2262453715	1.10433869027
-1.38728614118	1.22398576339
-2.13516678239	1.3325472319
1.68857031307	1.09643095065
0.590744044803	1.17372910376
-1.06802573726	1.29335681909
1.05529051943	1.12920796214
1.55299684075	1.17618468256
-0.952688560277	1.28334047922
-0.32094683335	1.23234027714
-0.799030656016	1.17274032954
1.55575066634	1.12895056465
-1.69254647285	1.2183590273
-0.957189418178	1.18898358694
-1.79435397491	1.23445656404
1.23350233749	1.17819990531
-0.972061082028	1.22928291215
0.810232652903	1.16184583382
0.809130663357	1.17320777378
-0.711998248305	1.19681612014
-0.0184435587018	1.24362469358
-1.12821169538	1.1788256117
-2.21822610667	1.25084084988
-0.666280623681	1.17693998995
-0.133196155044	1.13370549874
1.43570228509	1.07312917451
-1.36524285047	1.21058164893
-2.07013717236	1.2106496316
0.540830698597	1.22614252584
1.33704305096	1.17187307728
0.0516440499412	1.17323996649
-2.0277994517	1.28006439785
2.1114621028	1.1265286166
-2.32397410279	1.23790122046
0.738560903369	1.20487472112
-2.36442073249	1.2202233138
1.4259373814	1.11877924244
0.118079819136	1.18188152119
1.05490358103	1.16343186904
0.980843632667	1.22472928891
-0.984060597024	1.27027775131
-1.79915538305	1.28342870228
0.709662271362	1.14052047272
-0.0487435414993	1.18995307783
-0.517502179358	1.21937589248
1.09764717625	1.16075930232
0.958373406122	1.14617642129
-2.16730669696	1.20664340024
-1.0121196266	1.24528750714
-0.38564978905	1.28394059629
0.88975855246	1.12777749645
1.15394464486	1.09664319744
0.916409111207	1.16645333809
-0.205669887588	1.20316193954
-0.531252904389	1.14923087499
0.403533619426	1.1704526811
0.828159535106	1.14427459819
1.49225939217	1.12153310459
-0.749845352588	1.21280621585
-0.0411055928757	1.10952109646
0.729916920519	1.15250473871
-1.85880416249	1.25307734129
1.35410799566	1.16520785964
2.58297317325	1.0870527532
1.12606392397	1.10885371941
-0.751172659542	1.22128785833
0.312178525519	1.22269603593
-1.11221337988	1.23571336228
-1.04711639468	1.20847441844
1.54890537784	1.1483990237
1.57607911441	1.12700977039
-0.900186159696	1.18646883293
1.03059658019	1.09742216547
0.200026805586	1.1862802107
-1.93262181046	1.26806205486
0.0185493748901	1.18897149632
0.890640797212	1.16283140001
-0.00146022619231	1.24577722503
2.51191341728	1.07131245282
-0.56706728814	1.29456456745
2.24105614217	1.13695403037
0.787706311446	1.14859463899
-0.159434010067	1.13317176038
0.323351659091	1.18001437761
-0.0301719515487	1.22919050924
0.526638024576	1.12515427943
2.84741730986	1.07929203816
0.410104043895	1.18316651558
1.32739691238	1.11246286788
-2.33499538827	1.33277430675
3.23155170376	1.0489686931
0.154287475769	1.23777765372
0.540421156207	1.13607525237
-1.44571321931	1.25425264981
0.0737101543076	1.18570742207
1.54015535932	1.16222642113
0.473883325818	1.17723371796
-1.72927411477	1.29503764809
0.432048552045	1.11585320366
-1.50523765856	1.21724760852
-1.31699251581	1.26789580326
-3.25305922586	1.31224669145
0.727783871937	1.20461467079
0.124085801864	1.1959748513
-0.0653616473912	1.17792412666
0.290119651058	1.15384461796
-2.42794527069	1.32275288893
-1.01924897991	1.2835266543
0.749283982358	1.1508755725
-0.901462314223	1.26202034367
0.243008671648	1.17708114756
-1.14403759389	1.20503913729
-0.394355501492	1.20443373652
0.21244802827	1.2074958024
-0.157953123451	1.15533680114
-0.191995259875	1.19436001986
2.03095956915	1.08161671214
0.0566015171501	1.24897993446
1.48936668524	1.12639910279
-0.389364786118	1.16159001062
0.519855045599	1.14968716427
0.933707105391	1.16755763891
-1.07873404231	1.21805095986
-0.303448966586	1.18093949243
0.338636466501	1.20293957703
0.434289402606	1.14577700733
-0.291381585283	1.17932295773
-0.0851246553553	1.17889870974
0.0794025261307	1.09568767576
-1.26523596399	1.24533934887
1.64147690587	1.10982610235
1.18676812517	1.0963413538
1.6834544911	1.08246502263
-1.39732432364	1.24139409439
0.636658354067	1.15999106134
-0.0557821777909	1.18438781226
-1.32688082371	1.23777893301
-0.132374764469	1.20743570193
-3.96956485465	1.33030976671
0.792966307839	1.13345209733
-0.220608097223	1.21350344787
0.693711461698	1.18465338513
-0.598708275939	1.1838624926
-0.838396234497	1.26830684754
-1.11926194907	1.20626139339
-0.526427081739	1.1831748895
-0.0828235825866	1.17078999045
0.220508302017	1.22101649798
0.961589497342	1.11659127052
0.96963670876	1.1029339912
0.635885271086	1.10990594072
0.335986092318	1.23514475013
1.36857648724	1.10309254161
-1.33310732199	1.24112247255
-0.136278244999	1.14733520932
-0.468667240469	1.25807709527
1.19833707796	1.16362406439
-2.46000488131	1.25907386283
1.62834000701	1.11329528447
-0.0582287139474	1.21247680467
-1.17969810683	1.25192139157
-0.573057151712	1.26710102523
1.93134548717	1.19916641022
0.664358824074	1.19582805181
0.0149765274565	1.25826106342
-0.0698907337609	1.2392908962
-1.08847612897	1.20067450995
-0.324634571383	1.20114256227
2.10763697798	1.07425431093
2.05207014546	1.14336448413
-1.16691483891	1.29200373782
-1.22280316419	1.2752523695
1.08174141737	1.11105045563
1.10815577763	1.16500342558
-1.71226226483	1.28668828985
1.31025919305	1.10977735666
-0.560419706013	1.27589350077
-2.10235986987	1.2862831837
2.04827246736	1.09814751988
-0.789377514928	1.16464522607
1.26356469432	1.12348995912
4.20831287918	1.04026701283
-0.0555795351065	1.18723596808
1.20634281556	1.09985049365
1.07644067702	1.10412866856
-0.755519754359	1.17756474079
0.0247192014924	1.19461163918
0.328754836851	1.24304590969
1.12805193278	1.11924626974
0.615134105483	1.14926959831
0.442132736548	1.14578685063
1.29992726407	1.14778400845
1.49732716388	1.19626197392
0.22916645493	1.117706636
0.462332080247	1.1595506453
-0.367086171949	1.1665697226
2.01766568579	1.12730330094
-1.52435057037	1.18662080971
0.74527398668	1.20077137592
1.87116592422	1.15291642553
1.76523817821	1.18224732449
1.28929209131	1.11171641949
-0.840831294795	1.18315698687
0.895030611449	1.15314368584
0.419886835867	1.20086201589
-0.473798470308	1.16206957831
-1.94449766488	1.28742230328
1.8163576644	1.13839714088
-1.60828447133	1.25235119947
1.44310611669	1.12578546231
-0.086997159175	1.12575530403
-0.843348893191	1.19476622654
-1.10756248207	1.23535441637
-1.16210975659	1.28927872294
-1.35347421574	1.23868541152
-2.15521614467	1.23520922487
-0.261756634324	1.22958051239
-0.897607532999	1.23276116909
0.296774919365	1.17177913135
-0.572748797354	1.20072971985
2.337297427	1.15437954767
0.485402199789	1.15951287768
-1.86157957872	1.23812024698
0.444744905995	1.21308684957
0.363416193918	1.16349943687
-0.175838828786	1.19075930536
-1.8347961769	1.23514698273
-0.0660760658042	1.21096660117
-0.601571353072	1.24319322994
0.274890402679	1.15643150004
-1.93689901734	1.25074172393
-2.53414687151	1.22257536488
-1.00796991891	1.19756528404
-0.611583218899	1.20430410918
1.84746309196	1.14583597961
-0.689343511478	1.21350478456
2.15279331383	1.06742869341
-0.45736340226	1.19524166849
3.39687452407	1.03247837647
-1.49759678692	1.28067363438
0.0555384801048	1.17665432682
1.36955058416	1.17834638076
0.208479926475	1.11556229579
2.311835033	1.11836044346
-0.136515930136	1.15627163794
-1.35856983678	1.20506691031
